0.0 3418314.0 0.0 9.0 0.125 0.07446 0.00042439999999999996
0.0 3418314.0 1.0 9.0 0.125 0.07446 0.00042439999999999996
0.0 3418368.0 0.0 9.0 0.03125 0.08691 0.00045489999999999994
0.0 3418368.0 1.0 9.0 0.03125 0.08691 0.00045489999999999994
0.0 3418368.0 2.0 9.0 0.03125 0.08691 0.00045489999999999994
0.0 3418375.0 0.0 9.0 0.0625 0.09277 0.0004940000000000001
0.0 3418380.0 0.0 9.0 0.1875 0.09838999999999999 0.0008612
0.0 3418380.0 1.0 9.0 0.1875 0.09838999999999999 0.0008612
0.0 3418400.0 0.0 9.0 0.125 0.09082 0.0004702
0.0 3418400.0 1.0 9.0 0.125 0.09082 0.0004702
0.0 3418405.0 0.0 9.0 0.0625 0.09277 0.0004940000000000001
0.0 3418405.0 1.0 9.0 0.0625 0.09277 0.0004940000000000001
0.0 3418405.0 2.0 9.0 0.0625 0.09277 0.0004940000000000001
0.0 3418405.0 3.0 9.0 0.0625 0.09277 0.0004940000000000001
0.0 3418412.0 0.0 9.0 0.125 0.09021 0.0008211000000000001
0.0 3418412.0 1.0 9.0 0.125 0.09021 0.0008211000000000001
0.0 3418417.0 0.0 9.0 0.1875 0.09106 0.0008287
0.0 3418417.0 1.0 9.0 0.1875 0.09106 0.0008287
0.0 3418427.0 1.0 9.0 0.125 0.08691 0.0004702
0.0 3418432.0 0.0 9.0 0.0625 0.09473 0.0004702
0.0 3418432.0 1.0 9.0 0.0625 0.09473 0.0004702
0.0 3418437.0 0.0 9.0 0.0625 0.09485 0.0004940000000000001
0.0 3418437.0 1.0 9.0 0.0625 0.09485 0.0004940000000000001
0.0 6590371.0 0.0 9.0 0.1875 0.0159 7.057e-05
0.0 6590371.0 1.0 9.0 0.1875 0.0159 7.057e-05
0.0 6590376.0 0.0 9.0 0.0625 0.124 0.0005445000000000001
0.0 6590376.0 1.0 9.0 0.0625 0.124 0.0005445000000000001
0.0 6590391.0 0.0 9.0 0.03125 0.08765 0.0004702
0.0 6590391.0 1.0 9.0 0.03125 0.08765 0.0004702
0.0 6724949.0 0.0 9.0 0.03125 0.08472 0.0004625
0.0 6724949.0 1.0 9.0 0.03125 0.08472 0.0004625
0.0 6933047.0 0.0 10.0 0.0625 0.02545 0.00023169999999999997
0.0 6933059.0 0.0 10.0 0.06873 0.047060000000000005 0.0001545
0.0 7053513.0 0.0 9.0 0.03125 0.003109 3.815e-05
0.0 7053513.0 1.0 9.0 0.03125 0.003109 3.815e-05
0.0 7053513.0 2.0 9.0 0.03125 0.003109 3.815e-05
0.0 15705910.0 0.0 10.0 0.1382 0.1041 0.0001926
0.0 17109330.0 0.0 9.0 0.0625 0.09777999999999999 0.0005016
0.0 17109330.0 1.0 9.0 0.0625 0.09777999999999999 0.0005016
0.0 17109330.0 2.0 9.0 0.0625 0.09777999999999999 0.0005016
0.0 17109330.0 3.0 9.0 0.0625 0.09777999999999999 0.0005016
0.0 17109330.0 4.0 9.0 0.0625 0.09777999999999999 0.0005016
0.0 17109330.0 5.0 9.0 0.0625 0.09777999999999999 0.0005016
0.0 17109330.0 6.0 9.0 0.0625 0.09777999999999999 0.0005016
0.0 17109330.0 7.0 9.0 0.0625 0.09777999999999999 0.0005016
0.0 17109330.0 8.0 9.0 0.0625 0.09777999999999999 0.0005016
0.0 17109330.0 9.0 9.0 0.0625 0.09777999999999999 0.0005016
0.0 17109330.0 10.0 9.0 0.0625 0.09777999999999999 0.0005016
0.0 17109330.0 11.0 9.0 0.0625 0.09777999999999999 0.0005016
0.0 17109330.0 12.0 9.0 0.0625 0.09777999999999999 0.0005016
0.0 17109330.0 13.0 9.0 0.0625 0.09777999999999999 0.0005016
0.0 17109330.0 14.0 9.0 0.0625 0.09777999999999999 0.0005016
0.0 17109330.0 15.0 9.0 0.0625 0.09777999999999999 0.0005016
0.0 17109330.0 16.0 9.0 0.0625 0.09777999999999999 0.0005016
0.0 17109330.0 17.0 9.0 0.0625 0.09777999999999999 0.0005016
0.0 17109330.0 18.0 9.0 0.0625 0.09777999999999999 0.0005016
0.0 17109330.0 19.0 9.0 0.0625 0.09777999999999999 0.0005016
0.0 17109330.0 20.0 9.0 0.0625 0.09777999999999999 0.0005016
0.0 17109330.0 21.0 9.0 0.0625 0.09777999999999999 0.0005016
0.0 17109330.0 22.0 9.0 0.0625 0.09777999999999999 0.0005016
0.0 17109330.0 23.0 9.0 0.0625 0.09777999999999999 0.0005016
0.0 17109330.0 24.0 9.0 0.0625 0.09777999999999999 0.0005016
0.0 17109330.0 25.0 9.0 0.0625 0.09777999999999999 0.0005016
0.0 17109330.0 26.0 9.0 0.0625 0.09777999999999999 0.0005016
0.0 17109330.0 27.0 9.0 0.0625 0.09777999999999999 0.0005016
0.0 17109330.0 28.0 9.0 0.0625 0.09777999999999999 0.0005016
0.0 17109330.0 29.0 9.0 0.0625 0.09777999999999999 0.0005016
0.0 17109330.0 30.0 9.0 0.0625 0.09777999999999999 0.0005016
0.0 17109330.0 31.0 9.0 0.0625 0.09777999999999999 0.0005016
0.0 17109330.0 32.0 9.0 0.0625 0.09777999999999999 0.0005016
0.0 17109330.0 33.0 9.0 0.0625 0.09777999999999999 0.0005016
0.0 17109330.0 34.0 9.0 0.0625 0.09777999999999999 0.0005016
0.0 17109330.0 35.0 9.0 0.0625 0.09777999999999999 0.0005016
0.0 17109330.0 36.0 9.0 0.0625 0.09777999999999999 0.0005016
